2022 12 12 101 putto_ss 1000
2022 12 12 102 putto_s 1000
2022 12 12 103 putto_m 1000
2022 12 12 104 putto_l 1000
2022 12 12 105 putto_xl 1000
2022 12 12 106 putto_xxl 1000
2022 12 12 107 putto_xxxl 1000
2022 12 12 201 sati_ss 1000
2022 12 12 202 sati_s 1000
2022 12 12 203 sati_m 1000
2022 12 12 204 sati_l 1000
2022 12 12 205 sati_xl 1000
2022 12 12 206 sati_xxl 1000
2022 12 12 207 sati_xxxl 1000
2022 12 12 301 Panya_ss 1000
2022 12 12 302 Panya_s 1000
2022 12 12 303 Panya_m 1000
2022 12 12 304 Panya_l 1000
2022 12 12 305 Panya_xl 1000
2022 12 12 306 Panya_xxl 1000
2022 12 12 307 Panya_xxxl 1000
